0 1.3904229998588562
1 1.3233490586280823
2 1.2493628978729248
3 1.2299470543861388
4 1.2036327004432679
6 1.1826149940490722
10 1.1464546918869019
24 1.1398919939994812
25 1.1321281909942627
28 1.1125869691371917
39 1.1104623913764953
41 1.0969544410705567
42 1.0877781569957734
56 1.0835302352905274
80 1.072739976644516
87 1.0708552658557893
90 1.0630276679992676
103 1.059524619579315
152 1.0385862648487092
189 1.0353887975215912
197 1.0294921576976777
243 1.013673907518387
293 1.0130005717277526
331 1.0029863119125366
334 1.0019748508930206
420 0.9967371106147767
496 0.9920155584812165
502 0.988972932100296
948 0.9829266786575317
